PHOT_CAT v1.0
5
U B V R I
BD+01 2447       12.3990 11.1610  9.6520  8.6080  7.3860 11111
BD+01 4774       11.5650 10.4370  9.0030  8.0320  6.9600 01111
BD+02 2711        9.5040 10.2010 10.3670 10.4390 10.5340 11111
BD+04 3508       13.1560 11.0790  9.3260  8.3520  7.4520 01111
BD+04 3561a      12.5540 11.2900  9.5530  8.3250  6.7740 00000
BD+05 1668       12.6130 11.4000  9.8430  8.6370  7.1290 01111
BD+05 2468        8.6720  9.2320  9.3480  9.3860  9.4400 11111
BD+05 2529       12.0190 10.8310  9.5810  8.8000  8.1310 11111
BD-00 0454       11.9000 10.3210  8.8950  8.1370  7.4500 11111
BD-02 0524        9.5620 10.2030 10.3070 10.3570 10.4180 11111
BD-04 4226       12.5710 11.4860 10.0710  9.1010  7.9580 00000
BD-11 0162        9.9710 11.1090 11.1900 11.1400 11.0460 11111
BD-12 0134       10.1520 11.4810 11.7750 11.8630 11.9360 11111
BD-12 2918       12.7340 11.5680 10.0670  9.0000  7.6820 11111
BD-12 4523       12.8290 11.6370 10.0690  8.9170  7.4200 11111
BD-15 0115        9.8310 10.6910 10.8810 10.9760 11.0790 11111
Feige 108        11.6710 12.7230 12.9580 13.0610 13.1970 11111
Feige 11         10.8470 11.8250 12.0650 12.1850 12.3260 11111
Feige 16         12.4030 12.3940 12.4060 12.4090 12.4070 11111
Feige 22         11.9390 12.7450 12.7990 12.9020 13.0060 11111
Feige 24         11.0390 12.2080 12.4110 12.3210 11.9600 11111
G 10-50          14.2230 12.9050 11.1530  9.8590  8.1840 11111
G 102-22         14.2640 13.1300 11.5090 10.2980  8.7090 11111
G 12-43          15.3980 14.3130 12.4670 10.9370  8.9880 01111
G 138-25         16.1970 14.9320 13.5130 12.6300 11.8280 00000
G 14-55          13.9840 12.8270 11.3360 10.2580  8.8740 00000
G 153-41         12.0840 13.2170 13.4220 13.5570 13.7120 11111
G 156-31         15.7620 14.3540 12.3610 10.7130  8.6770 11111
G 156-57         12.9180 11.7360 10.1800  9.0060  7.4670 11111
G 162-66         11.8510 12.8470 13.0120 13.1380 13.2780 11111
G 163-06         17.4840 16.2560 14.7060 13.6160 12.2280 00000
G 163-27         14.0780 14.6260 14.3380 14.1320 13.9210 11111
G 163-50         12.4060 13.0940 13.0590 13.1440 13.2180 11111
G 163-51         15.3100 14.0820 12.5760 11.4920 10.1350 01111
G 21-15          13.3830 13.9810 13.8890 13.9280 13.9580 11111
G 26-07          14.9090 13.6740 12.0050 10.7050  9.0190 00000
G 3-33           15.4180 14.1020 12.2980 10.9430  9.1990 01111
G 44-27          15.3100 14.2220 12.6360 11.4510  9.9220 00111
G 44-40          14.5320 13.3190 11.6750 10.4590  8.8890 11111
G 45-20          16.7060 15.5410 13.5070 11.6840  9.5070 01111
G 93-48          11.9390 12.7310 12.7390 12.8360 12.9300 11111
G 97-42          15.3410 14.0820 12.4430 11.2720  9.7880 01111
GD 108           12.4040 13.3460 13.5610 13.6590 13.7810 11111
GD 246           11.5890 12.7760 13.0940 13.2420 13.4260 11111
GD 50            12.5960 13.7870 14.0630 14.2080 14.3880 11111
GD 71            11.6760 12.7830 13.0320 13.1690 13.3340 11111
HD 100340         8.9000  9.8750 10.1170 10.2180 10.3550 11111
HD 118246         7.3120  7.9480  8.0890  8.1230  8.1700 22222
HD 11983         11.5880  9.7040  8.1920  7.3850  6.6380 11111
HD 12021          8.3880  8.7920  8.8740  8.9160  8.9720 11111
HD 121968         9.1600 10.0680 10.2540 10.3270 10.4260 11111
HD 129975        11.7760  9.8770  8.3730  7.5440  6.7680 11111
HD 140850        12.5640 10.4860  8.8160  7.8680  6.9210 11111
HD 148817        11.6310  9.8260  8.3410  7.5370  6.7990 11111
HD 149382         7.4960  8.6630  8.9440  9.0700  9.2080 11111
HD 157881        10.1720  8.8960  7.5400  6.6860  5.9180 11111
HD 160233         8.1950  9.0410  9.0950  9.0980  9.1210 11111
HD 161961         7.2590  8.0060  7.7820  7.6340  7.4760 11111
HD 16581          7.8330  8.1380  8.1950  8.2200  8.2580 11111
HD 170493        10.1810  9.1130  8.0370  7.4030  6.8920 11111
HD 173637         8.8820  9.6110  9.3750  9.2070  9.0210 22222
HD 175544         6.8310  7.5020  7.3950  7.3210  7.2440 11111
HD 184914        10.2900  9.3500  8.1700  7.5340  6.9290 11111
HD 188934        13.4930 11.3910  9.3510  8.4090  7.6200 22222
HD 191639         5.1050  6.1360  6.2230  6.2090  6.1960 22222
HD 196395        12.4320 10.3730  8.7110  7.7780  6.8520 11111
HD 196573        11.5690  9.5260  7.8850  6.9540  6.0010 11111
HD 199280         6.1840  6.4900  6.5660  6.6000  6.6440 11111
HD 200340         5.9030  6.3990  6.4980  6.5350  6.5810 11111
HD 205556         7.8520  8.2470  8.3010  8.3220  8.3540 11111
HD 209796        11.2930 10.1200  8.9330  8.3120  7.7550 11111
HD 210894        11.9440 10.4820  9.1670  8.4700  7.8630 11111
HD 21197         10.1570  9.0160  7.8660  7.1800  6.6200 11111
HD 216135         9.3670  9.9970 10.1120 10.1640 10.2330 11111
HD 2892          12.0960 10.6870  9.3660  8.6740  8.0470 11111
HD 315            5.7980  6.2950  6.4400  6.4770  6.5410 00000
HD 36395         10.6650  9.4340  7.9600  6.9750  5.8840 11111
HD 46056          7.6600  8.4220  8.2300  8.0950  7.9470 00000
HD 47761          8.2810  8.8830  8.7240  8.5860  8.4450 22222
HD 50167         11.1400  9.3960  7.8610  7.0350  6.2780 11111
HD 52533          6.6560  7.6140  7.7020  7.7130  7.7400 11111
HD 5505          11.0340 10.0790  9.0010  8.4480  7.9450 11111
HD 57884         15.2980 11.4340  9.1350  7.8710  6.8480 22222
HD 60826         16.8420 11.7240  8.9830  7.4880  6.3060 22222
HD 65079          6.8640  7.6500  7.8320  7.8870  7.9620 11111
HD 72055          7.5160  7.9760  8.1130  8.1440  8.1990 11111
HD 76082         10.6170  9.5270  8.4090  7.8240  7.3080 11111
HD 79097         11.1620  9.2290  7.6010  6.6110  5.5140 22222
HD 84971          7.7070  8.4770  8.6360  8.6990  8.7880 11111
HD 97503         11.0010  9.8800  8.7020  7.9820  7.3850 11111
M67 F108         12.6130 11.0740  9.7010  8.9860  8.3500 11111
M67 F111         13.3590 13.2940 12.7300 12.4020 12.0760 11111
M67 F117         13.4170 13.4170 12.6300 12.1630 11.7290 01111
M67 F124         12.5980 12.5770 12.1180 11.8380 11.5580 11111
M67 F127         13.3640 13.3280 12.7690 12.4390 12.1180 11111
M67 F130         13.3300 13.3230 12.8690 12.5800 12.2890 11111
M67 F132         13.7800 13.7000 13.0910 12.7410 12.3860 11111
M67 F134         12.8400 12.8400 12.2560 11.9190 11.5870 01111
M67 F135         12.5020 12.5020 11.4360 10.8800 10.3830 01111
M67 F149         13.1430 13.1430 12.5500 12.2080 11.8770 01111
M67 F170         12.4840 11.0200  9.6630  8.9610  8.3360 11111
M67 F176         13.2260 13.2260 12.6490 12.6490 12.6490 01100
M67 F81           9.5560  9.9410 10.0270 10.0590 10.0950 11111
M67 F95          13.1750 13.1750 12.6680 12.3750 12.0710 01111
M67 I-12         13.3770 13.3770 12.8210 12.4920 12.1700 01111
M67 I-198        13.7750 13.7260 13.1520 12.8190 12.5240 11111
M67 I-199        13.7970 13.7290 13.1520 12.8190 12.4910 11111
M67 I-242        10.8840 10.8840 10.8840 10.6160 10.3510 00111
M67 I-51         14.2000 14.2000 14.2000 13.8630 13.5810 00111
M67 I-9          13.7780 13.7780 13.1940 12.8680 12.5420 01111
Mark A           11.8540 13.0160 13.2580 13.3730 13.4990 11111
Mark A1          16.5060 16.5200 15.9110 15.5440 15.1710 01110
Mark A2          15.3020 15.2060 14.5400 14.1610 13.7890 11111
Mark A3          16.4070 15.7560 14.8180 14.2310 13.7200 11111
PG 0029+024      15.4460 15.6300 15.2680 15.0170 14.6750 00000
PG 0039+049      11.9870 12.8580 12.8770 12.8100 12.7130 00000
PG 0220+132      13.7060 14.6280 14.7600 14.8100 14.9300 00000
PG 0220+132A     16.2150 16.5540 15.7710 15.2570 14.7760 00000
PG 0220+132B     15.4720 15.1530 14.2160 13.6540 13.1580 00000
PG 0231+051      14.5840 15.7760 16.1050 16.2670 16.6390 11100
PG 0231+051A     13.7520 13.4820 12.7720 12.3670 11.9730 11111
PG 0231+051B     17.5250 16.1830 14.7350 13.7810 12.7840 01111
PG 0231+051C     14.4870 14.3730 13.7020 13.3030 12.9190 00000
PG 0231+051D     16.1610 15.1150 14.0270 13.3520 12.7710 00000
PG 0231+051E     14.6820 14.4810 13.8040 13.4140 13.0470 00000
PG 0918+029      11.9750 13.0560 13.3270 13.4560 13.6150 11111
PG 0918+029A     14.9940 15.0260 14.4900 14.1650 13.8290 11111
PG 0918+029B     15.0940 14.7280 13.9630 13.5460 13.1760 01111
PG 0918+029C     14.2550 14.1680 13.5370 13.1700 12.8150 11111
PG 0918+029D     14.1370 13.3160 12.2720 11.6970 11.1640 11111
PG 0942-029      12.5350 13.7100 14.0040 14.1340 14.2840 11110
PG 0942-029A     15.8530 15.5140 14.7310 14.1210 13.6500 00000
PG 0942-029B     14.7180 14.6330 14.1080 13.7400 13.4110 00000
PG 0942-029C     16.0850 15.7160 14.9890 14.4500 14.0800 00000
PG 0942-029D     14.4000 14.2710 13.7070 13.3590 13.0200 00000
PG 1034+001      11.5890 12.8630 13.2280 13.3830 13.5870 11111
PG 1047+003      12.0630 13.1840 13.4740 13.6060 13.7690 11111
PG 1047+003A     14.3680 14.2000 13.5120 13.0900 12.6720 11111
PG 1047+003B     15.6020 15.4300 14.7510 14.3600 13.9870 01111
PG 1047+003C     13.0410 13.0600 12.4530 12.0750 11.7160 22222
PG 1323-086      12.6600 13.3410 13.4810 13.5290 13.6080 11111
PG 1323-086A     13.9650 13.9840 13.5910 13.3390 13.0850 22222
PG 1323-086B     14.4320 14.1670 13.4060 12.9800 12.5730 11111
PG 1323-086C     14.9550 14.7100 14.0030 13.6080 13.2440 11111
PG 1323-086D     12.6720 12.6670 12.0800 11.7340 11.3960 11111
PG 1407-013      12.3720 13.4910 13.7500 13.8800 14.0270 00000
PG 1514+034      13.0330 13.9880 13.9970 13.9100 13.7850 00000
PG 1525-071      13.7070 14.8550 15.0530 15.1410 15.2210 00000
PG 1525-071A     14.5230 14.2660 13.5090 13.0640 12.6400 00000
PG 1525-071B     17.2680 17.1330 16.4030 15.9610 15.5950 00000
PG 1525-071C     15.7690 14.6390 13.5300 12.9400 12.4260 00000
PG 1525-071D     17.1700 16.8650 16.3010 15.8900 15.5440 00000
PG 1528+062      13.4240 14.5150 14.7670 14.8780 15.0630 00000
PG 1528+062A     16.7390 16.3830 15.5530 15.1200 14.7290 00000
PG 1528+062B     12.5870 12.5820 11.9890 11.6250 11.2780 00000
PG 1528+062C     14.1950 14.1210 13.4770 13.1200 12.7780 00000
PG 1530+057      13.5730 14.3620 14.2110 14.0490 14.0120 00000
PG 1530+057A     14.9540 14.5400 13.7110 13.2380 12.8250 00000
PG 1530+057B     13.9120 13.5870 12.8420 12.4190 12.0430 00000
PG 1633+099      13.2310 14.2050 14.3970 14.4900 14.6090 11111
PG 1633+099A     16.4490 16.1290 15.2560 14.7510 14.2410 11111
PG 1633+099B     15.0570 14.0500 12.9690 12.3790 11.8790 11111
PG 1633+099C     15.5010 14.3630 13.2290 12.6110 12.0910 11111
PG 1633+099D     14.2010 14.2260 13.6910 13.3670 13.0410 11111
PG 1647+056      13.5360 14.6000 14.7730 14.8310 14.8550 00000
PG 1657+078      13.9260 14.8660 15.0150 15.0780 15.1150 11110
PG 1657+078A     15.8320 15.1020 14.0330 13.4600 12.9200 00000
PG 1657+078B     15.4940 15.4290 14.7210 14.3040 13.8830 00000
PG 1657+078C     16.4500 16.0650 15.2250 14.7040 14.2580 00000
PG 2213-006      12.7820 13.9070 14.1240 14.2160 14.3270 11111
PG 2213-006A     14.9510 14.8510 14.1780 13.7720 13.3700 11111
PG 2213-006B     13.7520 13.4550 12.7060 12.2790 11.8770 11111
PG 2213-006C     16.0070 15.8300 15.1090 14.6830 14.2790 11111
PG 2317+046      11.4930 12.6300 12.8760 12.9500 12.9940 11111
PG 2331+055      14.6290 15.1160 15.1820 15.1940 15.2260 00000
PG 2331+055A     14.0490 13.7920 13.0510 12.6320 12.2300 00000
PG 2331+055B     15.9920 15.5630 14.7440 14.2630 13.8090 00000
PG 2336+004      14.9460 15.7270 15.8990 15.9600 16.0090 00000
PG 2336+004A     12.0910 11.9560 11.2770 10.8790 10.5100 00000
PG 2336+004B     12.9030 12.9380 12.4310 12.1170 11.8060 00000
PG 2349+002      12.1650 13.0860 13.2770 13.3800 13.4960 11111
Rubin 149        12.9580 13.7370 13.8660 13.9060 13.9740 11111
Rubin 149A       14.9110 14.7930 14.4950 14.2990 14.1040 33333
Rubin 149B       13.4550 13.3040 12.6420 12.2680 11.9140 11111
Rubin 149C       14.7610 14.6200 14.4250 14.3320 14.2030 11111
Rubin 149D       11.1560 11.4430 11.4800 11.4590 11.4510 11111
Rubin 149E       14.2330 14.2400 13.7180 13.3970 13.0810 11111
Rubin 149F       15.6110 14.5860 13.4710 12.8770 12.3390 01111
Rubin 149G       13.4030 13.3700 12.8290 12.5070 12.1840 33333
Rubin 152        11.7510 12.8240 13.0140 13.0710 13.1590 11111
Rubin 152A       14.7990 14.8840 14.3410 14.0160 13.6870 01111
Rubin 152B       15.5410 15.5190 15.0190 14.7290 14.4190 01110
Rubin 152C       12.7820 12.7950 12.2220 11.8800 11.5390 11111
Rubin 152D       12.4420 11.9510 11.0760 10.6030 10.1550 11111
Rubin 152E       12.3180 12.4040 12.3620 12.3320 12.2970 11111
Rubin 152F       15.2680 15.1990 14.5640 14.1820 13.8750 11110
SA 100-162       11.9230 10.4260  9.1500  8.5010  7.9470 11111
SA 100-241       10.3970 10.2960 10.1390 10.0610  9.9760 11111
SA 100-267       13.4500 13.5120 13.0270 12.7200 12.4190 00000
SA 100-269       12.8570 12.8970 12.3500 12.0150 11.6840 00000
SA 100-280       12.2910 12.2930 11.7990 11.5040 11.2110 11111
SA 100-394       14.1580 12.7010 11.3840 10.6790 10.0430 11111
SA 100-606        8.8180  8.6930  8.6410  8.6150  8.5930 11111
SA 100-95        10.1200  9.7290  8.9150  8.4620  8.0310 11111
SA 101-207       12.8560 12.9340 12.4190 12.0980 11.7780 11111
SA 101-24        10.1420  9.1050  7.9970  7.4220  6.9060 11111
SA 101-262       15.3760 15.0790 14.2950 13.8550 13.4680 00000
SA 101-268       17.2920 15.9110 14.3800 13.3400 12.1430 00111
SA 101-270       14.3200 14.2650 13.7110 13.3790 13.0740 00000
SA 101-278       17.2720 16.5350 15.4940 14.8980 14.3500 00000
SA 101-281       12.8060 12.3870 11.5750 11.1230 10.7110 11111
SA 101-282       10.4410 10.4310 10.0020  9.7420  9.4820 11111
SA 101-311        8.5010  8.4980  8.2330  8.0740  7.9110 11111
SA 101-315       13.4580 12.4020 11.2490 10.6370 10.0770 11111
SA 101-316       12.0770 12.0450 11.5520 11.2590 10.9680 11111
SA 101-320       15.5650 14.8750 13.8230 13.2420 12.6820 01111
SA 101-324       12.0510 10.9030  9.7420  9.1510  8.6320 11111
SA 101-326       15.8790 15.6520 14.9230 14.5170 14.1430 01111
SA 101-327       15.7350 14.5960 13.4410 12.7240 12.1510 11111
SA 101-330       14.2740 14.3000 13.7230 13.3770 13.0390 11111
SA 101-333       11.1070  9.3200  7.8350  7.0400  6.3110 11111
SA 101-338       14.4460 14.4220 13.7880 13.4380 13.0970 00000
SA 101-339       15.8000 15.2990 14.4490 13.9910 13.5920 00000
SA 101-341       14.9760 14.9170 14.3420 14.0100 13.7010 00000
SA 101-342       16.0200 16.0850 15.5560 15.2170 14.7980 00000
SA 101-343       16.2040 16.1100 15.5040 15.1080 14.7700 00000
SA 101-363       10.2640 10.1350  9.8740  9.7280  9.5770 11111
SA 101-389       10.3880 10.3890  9.9620  9.7060  9.4590 11111
SA 101-404       15.1520 14.4550 13.4590 12.9290 12.4300 11111
SA 101-408       17.3320 15.9850 14.7850 14.0670 13.4640 00000
SA 101-410       14.1290 14.1920 13.6460 13.3480 13.0230 00000
SA 101-413       14.2820 13.5660 12.5830 12.0540 11.5580 11111
SA 101-415       15.8280 15.8360 15.2590 14.9130 14.5640 00000
SA 101-421       13.6560 13.6870 13.1800 12.8530 12.5570 00000
SA 101-424       16.0950 15.8220 15.0580 14.6290 14.2030 00000
SA 101-427       16.0900 15.7690 14.9640 14.4800 14.1100 00000
SA 101-429       15.2580 14.4760 13.4960 12.8790 12.3530 11111
SA 101-431       16.0740 14.9300 13.6840 12.8760 12.1670 11111
SA 101-L1        17.1540 17.2580 16.5010 16.0800 15.5540 00000
SA 101-L2        16.4540 16.3720 15.7700 15.4490 15.1450 00000
SA 101-L3        16.5570 16.5900 15.9530 15.5570 15.1610 00000
SA 101-L4        17.4190 17.0570 16.2640 15.6860 15.6200 00000
SA 101-L5        16.6650 16.5500 15.9280 15.5140 15.2080 00000
SA 101-L6        17.3910 17.2080 16.4970 16.0520 15.4730 00000
SA 102-1081      10.8220 10.5670  9.9030  9.5370  9.2050 11111
SA 102-276       10.3780 10.4020  9.9100  9.6190  9.3350 11111
SA 102-381        8.3200  8.2250  7.9160  7.7430  7.5700 11111
SA 102-466       11.2230 10.3020  9.2460  8.6830  8.1770 11111
SA 102-472       10.5870  9.7680  8.7540  8.2260  7.7430 11111
SA 102-58         9.4610  9.4400  9.3800  9.3360  9.3200 11111
SA 102-620       12.1720 11.1520 10.0690  9.4270  8.9020 11111
SA 102-625        9.4770  9.4420  8.8900  8.5780  8.2690 11111
SA 103-302       10.1730 10.2290  9.8610  9.6330  9.3960 11111
SA 103-462       10.7640 10.6750 10.1110  9.7870  9.4810 11111
SA 103-483        8.8730  8.7800  8.3530  8.1080  7.8730 11111
SA 103-526       12.9330 11.9920 10.9030 10.3400  9.8300 11111
SA 103-626       12.1920 12.2490 11.8360 11.5740 11.3010 11111
SA 104-237       17.4010 16.4830 15.3950 14.7480 14.1210 00000
SA 104-239       16.5830 15.2920 13.9360 13.0680 12.2610 00000
SA 104-244       16.4490 16.6010 16.0110 15.6730 15.1860 00000
SA 104-306       12.6280 10.9620  9.3700  8.5380  7.7790 22222
SA 104-325       16.3260 16.2750 15.5810 15.2360 14.9290 00000
SA 104-330       15.8620 15.8900 15.2960 14.9270 14.5570 00100
SA 104-334       13.9350 14.0020 13.4840 13.1610 12.8310 11111
SA 104-335       12.4320 12.2870 11.6650 11.3080 10.9740 00000
SA 104-336       15.7290 15.2340 14.4040 13.9430 13.5390 01111
SA 104-337       12.3110 11.9750 11.2070 10.7730 10.3750 11111
SA 104-338       16.5680 16.6500 16.0590 15.7110 15.3400 00110
SA 104-339       17.0000 16.2910 15.4590 14.9830 14.6100 00000
SA 104-350       14.4720 14.3070 13.6340 13.2510 12.8980 11111
SA 104-364       16.2690 16.4000 15.7990 15.4850 15.0870 00000
SA 104-366       14.2020 13.7780 12.9080 12.3910 11.9260 00000
SA 104-367       16.3570 16.4830 15.8440 15.4620 15.1650 00000
SA 104-423       16.2820 16.2320 15.6020 15.3400 14.7840 00000
SA 104-428       14.3630 13.6150 12.6300 12.0960 11.5980 11111
SA 104-430       14.6410 14.5100 13.8580 13.4940 13.1310 11111
SA 104-440       15.3270 15.5540 15.1140 14.8250 14.5090 01110
SA 104-443       17.9830 16.7030 15.3720 14.5550 13.7770 00000
SA 104-444       13.9190 13.9890 13.4770 13.1640 12.8340 00000
SA 104-455       15.6620 15.6860 15.1050 14.7450 14.3890 00111
SA 104-456       13.1190 12.9840 12.3620 12.0050 11.6680 00000
SA 104-457       17.3230 16.8010 16.0480 15.5640 15.0740 00100
SA 104-460       15.4160 14.1730 12.8860 12.0730 11.3790 11111
SA 104-461       10.1510 10.1810  9.7050  9.4160  9.1250 11111
SA 104-470       15.1430 15.0420 14.3100 14.0150 13.6610 00000
SA 104-479       18.0310 17.3580 16.0870 15.4300 14.8230 00000
SA 104-484       16.1620 15.4300 14.4060 13.8920 13.4060 00000
SA 104-485       16.3480 15.8550 15.0170 14.5390 14.0500 00000
SA 104-490       13.1550 13.1070 12.5720 12.2540 11.9420 11111
SA 104-598       13.6350 12.5850 11.4790 10.8090 10.2640 11111
SA 104-L1        15.3020 15.2380 14.6080 14.2340 13.8690 00000
SA 104-L2        16.5260 16.6980 16.0480 15.7040 15.3810 00000
SA 105-205       11.7770 10.1610  8.7980  8.0540  7.3790 11111
SA 105-214        7.5800  7.5900  7.0620  6.7490  6.4380 11111
SA 105-28        10.2540  9.3840  8.3450  7.8120  7.3270 11111
SA 105-405       11.7350  9.8300  8.3090  7.4770  6.6920 11111
SA 105-437       12.8500 12.7830 12.5350 12.3990 12.2560 00000
SA 105-448        9.4620  9.4250  9.1760  9.0270  8.8650 11111
SA 105-505       12.9100 11.6920 10.2700  9.3600  8.4990 00000
SA 105-66        11.1590 10.4030  9.4260  8.9040  8.4230 11111
SA 105-663        9.1350  9.1020  8.7600  8.5490  8.3310 11111
SA 105-815       11.6010 11.8380 11.4530 11.1860 10.8930 11111
SA 106-1024      12.0160 11.9310 11.5990 11.4030 11.2090 22222
SA 106-1250       9.9840  9.1520  8.1230  7.5910  7.0970 11111
SA 106-485        9.8250  9.8640  9.4840  9.2520  9.0210 11111
SA 106-575       12.1320 10.6490  9.3410  8.6690  8.0760 11111
SA 106-700       12.7290 11.1470  9.7850  9.0570  8.4150 11111
SA 106-834       10.0810  9.7890  9.0880  8.7090  8.3520 11111
SA 107-1006      12.7570 12.4780 11.7120 11.2700 10.8490 11111
SA 107-131       10.1390  9.1910  8.0730  7.4750  6.9260 11111
SA 107-212       14.2010 14.0660 13.3830 12.9790 12.5650 00000
SA 107-213       15.3250 15.0640 14.2620 13.7310 13.2240 00000
SA 107-215       16.0790 16.1610 16.0460 16.0780 16.5570 00000
SA 107-347       12.0380 10.7390  9.4430  8.7300  8.0760 11111
SA 107-35        10.3630  9.0540  7.7790  7.1160  6.5300 11111
SA 107-351       12.8990 12.9040 12.3420 11.9910 11.6340 11111
SA 107-357       15.1180 15.0930 14.4180 14.0020 13.5780 00000
SA 107-359       13.2530 13.3770 12.7970 12.4180 12.0380 00000
SA 107-456       14.4290 13.8400 12.9190 12.3820 11.9040 11111
SA 107-457       16.0520 15.7020 14.9100 14.4160 13.9460 00000
SA 107-458       14.0790 12.8900 11.6760 11.0090 10.4020 00000
SA 107-459       13.6110 13.1840 12.2840 11.7590 11.2390 00000
SA 107-484       13.8390 12.5480 11.3110 10.6470 10.0710 11111
SA 107-544        9.5940  9.4380  9.0370  8.8040  8.5800 11111
SA 107-568       15.0650 14.2030 13.0540 12.4290 11.8370 11111
SA 107-592       14.5450 13.1650 11.8470 11.1380 10.4900 11111
SA 107-595        8.0940  8.0430  7.5000  7.1880  6.8920 11111
SA 107-599       15.6160 15.3730 14.6750 14.2420 13.8060 01110
SA 107-600       15.4360 15.3870 14.8840 14.5450 14.1840 22222
SA 107-601       17.3230 16.0580 14.6460 13.7230 12.8850 01111
SA 107-602       13.6920 13.1070 12.1160 11.5710 11.0420 11111
SA 107-611       15.6740 15.2190 14.3290 13.8090 13.3610 00000
SA 107-612       15.4480 15.1520 14.2560 13.7050 13.1750 00000
SA 107-614       14.5810 14.5480 13.9260 13.5650 13.1940 00000
SA 107-626       15.1960 14.4680 13.4680 12.8680 12.3420 01111
SA 107-627       14.3540 14.1280 13.3490 12.8840 12.4310 11111
SA 107-636       15.7450 15.6240 14.8730 14.4410 13.9770 00000
SA 107-639       14.8110 14.8370 14.1970 13.7980 13.3940 00000
SA 107-640       15.8970 15.8050 15.0500 14.5390 14.0330 00000
SA 107-684        9.1240  9.0520  8.4330  8.0770  7.7250 11111
SA 107-720       13.8080 13.7200 13.1210 12.7470 12.3900 00000
SA 107-970       14.2850 12.5350 10.9390  9.7970  8.3650 22222
SA 108-1332       9.6700  9.5830  9.1990  8.9710  8.7450 11111
SA 108-1491      10.6440 10.0240  9.0590  8.5350  8.0370 11111
SA 108-1848      12.3700 12.2970 11.7380 11.4070 11.0810 00000
SA 108-1863      13.4250 13.0470 12.2440 11.7980 11.4000 00000
SA 108-1911       9.1980  8.8080  8.0500  7.6330  7.2660 11111
SA 108-1918      14.6550 12.8160 11.3840 10.6110  9.9500 00000
SA 108-475       14.1510 12.6890 11.3090 10.5650  9.9000 11111
SA 108-551       11.0600 10.8820 10.7030 10.6040 10.4950 11111
SA 108-702        8.7880  8.7670  8.2080  7.8890  7.5800 11111
SA 108-719       14.3690 13.7210 12.6900 12.1370 11.6030 00000
SA 108-827       10.6800  9.2670  7.9640  7.2820  6.6950 11111
SA 108-981       12.8020 12.5650 12.0710 11.7610 11.4490 00000
SA 109-1082      10.1630  9.8190  9.0170  8.5620  8.1390 11111
SA 109-199       14.6960 12.7290 10.9900  9.9840  9.0860 00000
SA 109-231       12.3870 10.7940  9.3320  8.5470  7.8400 11111
SA 109-381       12.6590 12.4340 11.7300 11.3020 10.8690 11111
SA 109-537       11.1890 10.9620 10.3530  9.9770  9.5850 11111
SA 109-71        11.9690 11.8160 11.4930 11.3070 11.0830 11111
SA 109-747        9.0250  8.7820  8.4770  8.2900  8.0810 11111
SA 109-949       13.9970 13.6340 12.8280 12.3280 11.8080 00000
SA 109-954       14.6880 13.7320 12.4360 11.6720 10.9400 01111
SA 109-956       16.7800 15.9220 14.6390 13.8600 13.1140 00000
SA 110-157       17.2930 15.6140 13.4910 12.2340 11.0960 00000
SA 110-229       16.9500 15.5590 13.6490 12.4510 11.2930 01111
SA 110-230       16.0930 15.3650 14.2810 13.6570 13.0630 11111
SA 110-232       13.3920 13.2450 12.5160 12.0770 11.6270 11111
SA 110-233       14.8640 14.0520 12.7710 11.9980 11.1780 11111
SA 110-239       15.3410 14.7570 13.8580 13.3170 12.7980 00000
SA 110-246       13.1630 13.2920 12.7060 12.3250 11.9160 00000
SA 110-266       13.3180 12.9070 12.0180 11.4800 10.9070 00000
SA 110-273       18.2130 17.2130 14.6860 13.1770 11.8300 00000
SA 110-280       17.2800 15.1470 12.9960 11.7610 10.6120 01111
SA 110-290       12.8020 12.6060 11.8980 11.4800 11.0620 00000
SA 110-311       18.4800 17.3010 15.5050 14.4950 13.6310 00000
SA 110-312       16.6240 17.4120 16.0930 14.9560 13.8000 00000
SA 110-315       17.9620 15.7060 13.6370 12.4310 11.2990 00111
SA 110-316       20.9070 16.5520 14.8210 13.9630 13.0520 00000
SA 110-319       14.2460 13.1700 11.8610 11.1190 10.4180 00000
SA 110-339       15.3710 14.5950 13.6070 13.0440 12.5710 00000
SA 110-340       10.4550 10.3280 10.0250  9.8550  9.6720 11111
SA 110-346       16.5080 15.7560 14.7570 14.0600 13.4120 00000
SA 110-349       16.8510 16.1830 15.0950 14.5920 14.6180 00000
SA 110-353       12.7410 10.4490  8.4470  7.2610  6.1410 11111
SA 110-355       13.4710 12.9670 11.9440 11.2920 10.5660 11111
SA 110-358       15.8870 15.4690 14.4300 13.8270 13.2800 00000
SA 110-360       16.3540 15.8150 14.6180 13.9030 13.1860 00000
SA 110-361       13.0920 13.0570 12.4250 12.0640 11.7160 11111
SA 110-362       20.9450 17.0260 15.6930 14.7750 13.8900 00000
SA 110-364       15.8430 14.7480 13.6150 12.9180 12.3340 11111
SA 110-365       17.6260 15.7310 13.4700 12.1100 10.8390 01111
SA 110-441       11.7880 11.6760 11.1210 10.7970 10.4610 11111
SA 110-450       13.2200 12.5290 11.5850 11.0330 10.4080 11111
SA 110-471       10.6330  8.9230  7.4740  6.7070  6.0260 11111
SA 110-477       16.0480 15.3330 13.9880 13.1380 12.2810 01111
SA 110-496       14.7810 14.0440 13.0040 12.3970 11.7170 01111
SA 110-497       15.6280 15.2480 14.1960 13.5900 12.9930 00000
SA 110-499       13.3630 12.7240 11.7370 11.1370 10.4640 11111
SA 110-502       16.9820 14.6560 12.3300 10.9570  9.7050 01111
SA 110-503       12.9500 12.4440 11.7730 11.4000 10.9650 11111
SA 110-504       16.5930 15.2700 14.0220 13.2250 12.5400 00000
SA 110-506       11.9390 11.8800 11.3120 10.9770 10.6600 00000
SA 110-507       14.4110 13.5810 12.4400 11.8070 11.2340 00000
SA 110-L1        20.9570 18.0040 16.2520 15.1860 14.1940 00000
SA 111-1496       7.6070  7.4940  7.2160  7.0620  6.8970 11111
SA 111-1925      13.0450 12.7830 12.3880 12.1670 11.9140 11111
SA 111-1965      14.9940 13.1290 11.4190 10.4680  9.5890 11111
SA 111-1969      14.6470 12.3410 10.3820  9.2050  7.9820 11111
SA 111-2009      12.0100 11.4970 10.6080 10.0990  9.6390 11111
SA 111-2039      15.0010 13.7640 12.3950 11.6560 10.9650 11111
SA 111-2088      16.4810 14.8030 13.1930 12.3050 11.4850 11111
SA 111-2093      13.4580 13.1750 12.5380 12.1680 11.7720 11111
SA 111-2522       9.4610  9.8700  9.7060  9.5850  9.4390 22222
SA 111-2864      12.0250 10.0080  8.2920  7.3590  6.5060 11111
SA 111-717        9.1780  8.9540  8.5290  8.2930  8.0460 11111
SA 111-773        8.9590  9.1690  8.9630  8.8440  8.7010 11111
SA 111-775       14.5110 12.4820 10.7440  9.7790  8.8820 11111
SA 112-1242       9.5210  9.5020  9.0880  8.8370  8.5870 11111
SA 112-223       11.8880 11.8780 11.4240 11.1510 10.8770 11111
SA 112-250       12.6020 12.6270 12.0950 11.7780 11.4560 11111
SA 112-275       12.4140 11.1150  9.9050  9.2580  8.6880 11111
SA 112-595       14.9460 12.9530 11.3520 10.4530  9.5510 11111
SA 112-636       10.6730 10.5410  9.8530  9.4510  9.0540 11111
SA 112-704       14.7300 12.9880 11.4520 10.6300  9.8820 11111
SA 112-805       12.3880 12.2380 12.0860 12.0230 11.9480 11111
SA 112-822       13.4630 12.5800 11.5490 10.9910 10.4890 11111
SA 113-149       14.1330 14.0900 13.4690 13.0900 12.7040 00000
SA 113-153       15.5060 15.2210 14.4760 14.0140 13.5740 00000
SA 113-156       11.6930 11.7500 11.2240 10.9210 10.6060 00000
SA 113-158       14.0860 13.8390 13.1160 12.7090 12.3340 00000
SA 113-163       15.3040 15.1980 14.5400 14.1600 13.8050 11111
SA 113-165       16.2430 16.2400 15.6390 15.2850 14.8930 00000
SA 113-167       15.4040 15.4380 14.8410 14.4900 14.1130 00000
SA 113-177       14.6670 14.3490 13.5600 13.1040 12.6700 11111
SA 113-182       15.0940 15.0290 14.3700 13.9680 13.5460 00110
SA 113-187       17.1120 16.1430 15.0800 14.4420 13.9060 00111
SA 113-189       17.4970 16.5390 15.4210 14.7080 14.1020 00100
SA 113-191       13.3590 13.1360 12.3370 11.8660 11.4000 11111
SA 113-195       14.6230 14.4220 13.6920 13.2740 12.8600 11111
SA 113-221       13.9760 13.1020 12.0710 11.5210 11.0300 11111
SA 113-233       13.0430 12.9470 12.3980 12.0600 11.7370 00000
SA 113-239       13.6050 13.5540 13.0380 12.7200 12.3910 00000
SA 113-241       17.1480 15.6960 14.3520 13.4550 12.6690 11111
SA 113-245       16.4050 16.2930 15.6650 15.2690 14.9490 00000
SA 113-250       13.6620 13.6650 13.1600 12.8510 12.5340 00000
SA 113-259       14.1570 12.9360 11.7420 11.1210 10.5760 11111
SA 113-260       12.9890 12.9200 12.4060 12.0980 11.8000 11111
SA 113-263       15.8350 15.7610 15.4810 15.2870 15.0800 00000
SA 113-265       15.6740 15.5730 14.9340 14.5230 14.1270 22222
SA 113-267        8.1540  8.1410  7.6530  7.3620  7.0710 11111
SA 113-268       15.8520 15.8700 15.2810 14.9020 14.4950 00000
SA 113-269       11.6480 10.5940  9.4820  8.9100  8.3900 11111
SA 113-272       14.6040 14.5370 13.9040 13.5340 13.1940 00000
SA 113-274        9.3150  9.3110  8.8310  8.5470  8.2760 11111
SA 113-276        9.9020  9.7210  9.0740  8.7170  8.3820 11111
SA 113-281       15.7500 15.7760 15.2470 14.9000 14.5410 00000
SA 113-307       16.2530 15.3420 14.2140 13.5840 12.9690 00000
SA 113-337       14.7190 14.7440 14.2250 13.8740 13.5430 00000
SA 113-339       12.7840 12.8180 12.2500 11.9100 11.5630 11111
SA 113-34        15.6030 15.6570 15.1730 14.8670 14.5210 00000
SA 113-342       12.5890 11.8930 10.8780 10.3410  9.8280 00000
SA 113-366       15.5290 14.6330 13.5370 12.9140 12.3260 00000
SA 113-372       14.4310 14.3510 13.6810 13.2860 12.9150 00000
SA 113-440       12.6000 12.4330 11.7960 11.4330 11.0810 00000
SA 113-442       12.0640 10.8130  9.6500  9.0450  8.5270 11111
SA 113-459       12.6420 12.6600 12.1250 11.8180 11.5020 00000
SA 113-466       10.4570 10.4580 10.0040  9.7230  9.4410 11111
SA 113-475       12.2080 11.3640 10.3060  9.7360  9.2080 11111
SA 113-491       15.4430 15.1370 14.3730 13.9390 13.5190 00000
SA 113-492       12.7320 12.7270 12.1740 11.8320 11.4900 11111
SA 113-493       12.9450 12.5530 11.7670 11.3370 10.9430 11111
SA 113-495       13.9140 13.3840 12.4370 11.9250 11.4270 00000
SA 113-L1        18.0530 16.8730 15.5300 14.6630 13.9360 00000
SA 114-172        7.3850  7.2800  6.9690  6.7820  6.5930 11111
SA 114-176       12.5770 10.7240  9.2390  8.4390  7.7180 11111
SA 114-272        9.0740  8.6010  7.7370  7.2570  6.7960 11111
SA 114-446       13.0380 12.8010 12.0640 11.6670 11.2950 00000
SA 114-473       10.3180  9.5110  8.5030  7.9710  7.4880 11111
SA 114-531       13.0130 12.8270 12.0940 11.6720 11.2690 11111
SA 114-548       14.5360 12.9630 11.6010 10.8630 10.2140 11111
SA 114-637       13.1780 12.8710 12.0700 11.6140 11.1980 11111
SA 114-654       12.6670 12.4890 11.8395 11.4665 11.1220 00110
SA 114-656       14.3070 13.6090 12.6361 12.0959 11.5930 00110
SA 114-670       13.5300 12.3070 11.1010 10.4560  9.8930 11111
SA 114-750       11.5210 11.8750 11.9160 11.8890 11.9050 11111
SA 114-755       11.4150 11.4790 10.9080 10.5970 10.2870 11111
SA 115-268       13.2050 13.1280 12.4940 12.1280 11.7800 00000
SA 115-271       10.4110 10.3100  9.6950  9.3420  8.9940 11111
SA 115-349       10.5350  9.6660  8.6000  8.0430  7.5340 11111
SA 115-412       12.7420 12.7820 12.2090 11.8820 11.5440 00000
SA 115-420       11.6020 11.6290 11.1610 10.8750 10.5810 11111
SA 115-427       11.1650 10.0250  8.8570  8.2390  7.6880 11111
SA 115-486       12.9260 12.9750 12.4820 12.1840 11.8750 11111
SA 115-516       12.2210 11.4620 10.4340  9.8710  9.3360 11111
SA 115-554       13.3650 12.8170 11.8120 11.2260 10.6850 00000
SA 92-188        16.5520 15.8010 14.7510 14.0720 13.4970 22222
SA 92-235        14.2170 12.2330 10.5950  9.7010  8.7890 00000
SA 92-245        16.4250 15.2360 13.8180 12.8890 11.9820 01111
SA 92-248        17.7630 16.4740 15.3460 14.6560 14.1010 00000
SA 92-249        15.2640 15.0240 14.3250 13.9260 13.5550 01111
SA 92-250        14.4720 13.9920 13.1780 12.7320 12.3380 11111
SA 92-252        15.3090 15.4490 14.9320 14.6060 14.2660 11111
SA 92-253        16.1710 15.2160 14.0850 13.3660 12.7480 01111
SA 92-259        15.7470 15.6390 14.9970 14.6270 14.1760 00000
SA 92-260        17.3480 16.2330 15.0710 14.3520 13.7430 01111
SA 92-263        13.6730 12.8300 11.7820 11.2190 10.6950 11111
SA 92-276        12.7320 12.6650 12.0360 11.6680 11.3100 11111
SA 92-282        13.2490 13.2870 12.9690 12.7680 12.5470 11111
SA 92-288        12.9570 12.4850 11.6300 11.1410 10.6990 11111
SA 92-309        14.3310 14.3550 13.8420 13.5160 13.1900 00000
SA 92-322        13.2020 13.2040 12.6760 12.3740 12.0680 00000
SA 92-330        15.5260 15.6410 15.0730 14.7420 14.4070 00000
SA 92-335        13.4030 13.1950 12.5230 12.1430 11.8040 00000
SA 92-336         9.8460  9.0310  8.0460  7.5280  7.0620 11111
SA 92-339        15.8510 16.0280 15.5790 15.2730 14.9340 22222
SA 92-342        12.0070 12.0490 11.6130 11.3470 11.0750 11111
SA 92-345        16.0820 15.9610 15.2160 14.7510 14.2750 00000
SA 92-347        16.1980 16.2950 15.7520 15.4130 15.0940 00000
SA 92-348        12.7630 12.7070 12.1090 11.7640 11.4210 00000
SA 92-355        17.3300 16.1290 14.9650 14.2060 13.5590 00111
SA 92-364        12.2430 12.2800 11.6730 11.3170 10.9590 00000
SA 92-409        12.9010 11.7650 10.6270  9.8930  9.2660 00000
SA 92-410        15.2480 15.3820 14.9840 14.7450 14.5000 11111
SA 92-412        15.3410 15.4930 15.0360 14.7510 14.4470 01111
SA 92-417        16.2140 16.3990 15.9220 15.5710 15.2650 00000
SA 92-425        16.3050 15.1320 13.9410 13.1860 12.5570 11111
SA 92-426        15.3790 15.1950 14.4660 14.0540 13.6570 00110
SA 92-427        16.1140 15.7620 14.9530 14.4910 11.6780 00000
SA 92-430        14.9670 15.0070 14.4400 14.1020 13.7640 11111
SA 92-433        12.4320 12.3220 11.6670 11.3000 10.9510 00000
SA 92-497        14.6280 14.3710 13.6420 13.2380 12.8590 00000
SA 92-498        16.2120 15.4180 14.4080 13.7600 13.2270 00000
SA 92-500        17.0550 16.8440 15.8410 15.1030 14.5030 00000
SA 92-501        13.6360 13.5680 12.9580 12.6130 12.2810 00000
SA 92-502        12.2030 12.2980 11.8120 11.5280 11.2360 00000
SA 92-507        12.9520 12.2640 11.3320 10.8250 10.3630 00000
SA 92-508        12.1610 12.2080 11.6790 11.3610 11.0400 00000
SA 93-103        11.1490  9.9920  8.8310  8.2460  7.7270 11111
SA 93-241        10.6780 10.2530  9.4000  8.9370  8.4840 11111
SA 93-317        11.9790 12.0340 11.5460 11.2530 10.9540 11111
SA 93-326         9.9840 10.0230  9.5690  9.3060  9.0410 11111
SA 93-332        10.2830 10.3070  9.7890  9.4930  9.1870 11111
SA 93-333        13.2790 12.8430 12.0110 11.5420 11.1190 11111
SA 93-407        13.3870 12.8230 11.9710 11.4840 11.0630 00000
SA 93-424        13.6460 12.7030 11.6200 11.0660 10.5620 11111
SA 94-171        13.7800 13.4760 12.6590 12.1790 11.6950 11111
SA 94-242        12.1360 12.0290 11.7280 11.5500 11.3660 11111
SA 94-251        13.7040 12.4230 11.2040 10.5450  9.9570 11111
SA 94-296        13.2400 13.0050 12.2550 11.8400 11.4520 00000
SA 94-305        11.8980 10.3120  8.8890  8.1320  7.4460 11111
SA 94-308         9.2330  9.2370  8.7430  8.4530  8.1670 11111
SA 94-342        10.7500 10.0340  9.0410  8.5140  8.0260 11111
SA 94-394        12.7710 12.8180 12.2730 11.9290 11.5970 00000
SA 94-401        15.0290 14.9310 14.2930 13.9040 13.5340 00000
SA 94-702        14.6330 13.0120 11.5940 10.8380 10.1640 11111
SA 95-100        16.4750 16.4240 15.6330 15.0950 14.6720 00000
SA 95-101        13.7180 13.4550 12.6770 12.2410 11.8140 00000
SA 95-102        16.7850 16.6230 15.6220 15.1740 14.5570 00000
SA 95-105        15.1770 14.5500 13.5740 13.0240 12.4860 00000
SA 95-106        16.7570 16.3880 15.1370 14.7430 14.2340 00000
SA 95-107        18.7140 17.5990 16.2750 15.3280 14.3680 00000
SA 95-112        16.2410 16.1640 15.5020 14.8970 14.2750 00000
SA 95-115        15.6120 15.5160 14.6800 14.1030 13.5230 00000
SA 95-132        12.8120 12.5120 12.0640 11.8050 11.5190 11111
SA 95-137        17.0330 15.8970 14.4400 13.5470 12.7030 00000
SA 95-139        13.7960 13.1190 12.1960 11.6340 11.1570 00000
SA 95-142        13.6120 13.5150 12.9270 12.5560 12.1820 11111
SA 95-149        14.0950 12.5310 10.9380 10.0640  9.2530 11111
SA 95-15         12.1710 12.0140 11.3020 10.8780 10.4930 00000
SA 95-16         16.9410 15.6190 14.3130 13.5170 12.8410 00000
SA 95-190        13.1500 12.9140 12.6270 12.4320 12.2120 11111
SA 95-193        16.7880 15.5490 14.3380 13.5900 12.9720 01111
SA 95-206         9.2540  9.2390  8.7370  8.4470  8.1620 11111
SA 95-218        13.0110 12.8030 12.0950 11.6980 11.3280 11111
SA 95-227        16.5840 16.5500 15.7790 15.2640 14.7120 00100
SA 95-231        14.9650 14.6680 14.2160 13.9460 13.6560 11111
SA 95-236        12.3890 12.2270 11.4910 11.0710 10.6600 11111
SA 95-252        18.0240 16.8460 15.3940 14.5780 13.8280 00000
SA 95-263        15.7380 14.1790 12.6790 11.8780 11.1660 11111
SA 95-271        15.8720 14.9560 13.6690 12.9350 12.2160 01111
SA 95-275        16.9820 15.2420 13.4790 12.4680 11.5350 01111
SA 95-276        16.5610 15.3430 14.1180 13.3700 12.7230 01111
SA 95-284        16.1400 15.0670 13.6690 12.8510 12.0830 01111
SA 95-285        17.2010 16.4980 15.5610 14.9540 14.3510 00000
SA 95-301        13.8020 12.5060 11.2160 10.5240  9.9050 11111
SA 95-302        12.9660 12.5190 11.6940 11.2230 10.8030 11111
SA 95-317        15.8890 14.7690 13.4490 12.6810 11.9730 01111
SA 95-328        16.3550 15.0570 13.5250 12.6170 11.7490 01111
SA 95-329        16.8940 15.8010 14.6170 13.8510 13.2070 01111
SA 95-330        16.4060 14.1730 12.1740 11.0080  9.9060 11111
SA 95-41         15.2600 14.9630 14.0600 13.4710 12.8840 00000
SA 95-42         14.2800 15.3910 15.6060 15.7250 15.9060 11110
SA 95-43         11.2970 11.3130 10.8030 10.4950 10.1790 11111
SA 95-52         10.1720 10.1030  9.5740  9.2670  8.9630 11111
SA 95-60         14.4020 14.2050 13.4290 12.9650 12.5150 11111
SA 95-62         16.0740 14.8930 13.5380 12.7960 12.1100 11111
SA 95-66         13.7740 13.6070 12.8920 12.4660 12.0280 00000
SA 95-74         13.3430 12.6570 11.5310 10.9310 10.3660 11111
SA 95-96         10.2290 10.1570 10.0100  9.9310  9.8360 11111
SA 95-97         16.1040 15.7240 14.8180 14.2960 13.7500 00000
SA 95-98         16.7210 15.6290 14.4480 13.7250 13.1060 00000
SA 96-180        10.8200  9.9790  8.9300  8.3820  7.8790 11111
SA 96-21         12.6680 12.6720 12.1820 11.8830 11.5840 00000
SA 96-235        13.1120 12.2140 11.1400 10.5810 10.0720 11111
SA 96-36         10.9560 10.8380 10.5910 10.4570 10.3200 11111
SA 96-393        10.2920 10.2500  9.6520  9.3070  8.9650 11111
SA 96-406         9.6680  9.5200  9.3000  9.1840  9.0630 11111
SA 96-409        14.3630 14.3210 13.7780 13.4380 13.0960 00000
SA 96-737        14.2100 13.0500 11.7160 10.9830 10.2880 11111
SA 96-83         12.1000 11.8980 11.7190 11.6260 11.5290 11111
SA 97-224        15.3360 14.9950 14.0850 13.5320 12.9830 00000
SA 97-249        12.4810 12.3810 11.7330 11.3640 11.0100 11111
SA 97-284        13.2380 12.1510 10.7880 10.0140  9.2880 11111
SA 97-345        14.9430 13.2630 11.6080 10.6800  9.8370 01111
SA 97-346         9.9680  9.8540  9.2600  8.9220  8.5980 11111
SA 97-351        10.0790  9.9830  9.7810  9.6570  9.5170 11111
SA 97-42         15.2820 14.0740 12.4480 11.2880  9.8070 00000
SA 97-75         15.4550 13.3550 11.4830 10.4360  9.4840 11111
SA 98-1002       15.1150 15.1420 14.5680 14.2140 13.8350 00000
SA 98-1082       15.8440 15.8450 15.0100 14.5250 13.9080 00000
SA 98-1087       17.3180 16.0340 14.4390 13.5110 12.6270 01111
SA 98-1102       12.5160 12.4270 12.1130 11.9200 11.7250 11111
SA 98-1112       15.0750 14.7890 13.9750 13.5320 13.1010 00000
SA 98-1119       12.4980 12.4290 11.8780 11.5660 11.2670 11111
SA 98-1122       14.3880 14.6850 14.0900 13.7140 13.2740 11111
SA 98-1124       14.2800 14.0220 13.7070 13.5340 13.3340 11111
SA 98-185        10.8510 10.7380 10.5360 10.4270 10.3050 22222
SA 98-193        12.3620 11.2100 10.0300  9.4150  8.8770 11111
SA 98-320        11.4590 10.3230  9.1800  8.5840  8.0640 11111
SA 98-556        14.6010 14.4750 14.1370 13.9410 13.7000 00000
SA 98-557        17.2490 16.1770 14.7800 14.0250 13.2860 00000
SA 98-562        12.7050 12.7070 12.1850 11.8800 11.5780 00000
SA 98-563        14.3880 14.5780 14.1620 13.8680 13.5520 11111
SA 98-580        15.3980 15.0950 14.7280 14.4870 14.1810 00000
SA 98-581        14.9550 14.7940 14.5560 14.4380 14.1950 00000
SA 98-590        16.8470 15.9940 14.6420 13.8890 13.1420 00000
SA 98-614        17.1360 16.7370 15.6740 14.8400 14.1940 00000
SA 98-618        17.0590 14.9150 12.7230 11.4690 10.3160 01111
SA 98-624        14.9960 14.6020 13.8110 13.3940 12.9890 00000
SA 98-626        17.2310 16.1640 14.7580 13.9520 13.1340 00000
SA 98-627        15.6670 15.5890 14.9000 14.4720 14.0830 00000
SA 98-634        15.3780 15.2550 14.6080 14.2260 13.8510 00000
SA 98-642        16.1790 15.8610 15.2900 14.9880 14.5930 00000
SA 98-646        18.3250 16.8990 15.8390 15.2560 14.7490 00000
SA 98-650        12.5380 12.4280 12.2710 12.1910 12.1050 11111
SA 98-652        15.5540 15.4280 14.8170 14.5410 14.1990 33333
SA 98-653         9.4360  9.5350  9.5390  9.5300  9.5220 11111
SA 98-666        12.8920 12.8960 12.7320 12.6410 12.5320 11111
SA 98-667         8.0700  8.4060  8.3780  8.3070  8.2290 11111
SA 98-670        14.5990 13.2860 11.9300 11.2070 10.5550 11111
SA 98-671        15.0720 14.3530 13.3850 12.8100 12.3140 11111
SA 98-675        17.2430 15.3070 13.3980 12.3160 11.3130 01111
SA 98-676        14.8800 14.2140 13.0680 12.3850 11.7160 11111
SA 98-682        14.4790 14.3810 13.7490 13.3830 13.0320 11111
SA 98-685        12.5130 12.4170 11.9540 11.6640 11.3840 11111
SA 98-688        13.2920 13.0470 12.7540 12.5960 12.4170 11111
SA 98-724        13.1260 12.2220 11.1180 10.5430 10.0150 11111
SA 98-733        14.6100 13.5230 12.2380 11.5400 10.8910 11111
SA 98-961        15.3750 14.3720 13.0890 12.3880 11.7270 00000
SA 98-966        14.8270 14.4700 14.0010 13.7180 13.3880 00000
SA 98-978        11.2750 11.1810 10.5720 10.2230  9.9010 11111
SA 98-L1         17.6910 16.9150 15.6720 14.9420 14.2270 00000
SA 98-L2         18.6960 17.1990 15.8590 15.1050 14.5320 00000
SA 98-L3         18.3870 16.5500 14.6140 13.5230 12.4720 00000
SA 98-L4         18.7620 17.6760 16.3320 15.3960 14.6060 00000
SA 98-L5         19.6000 19.7000 17.8000 14.7000 12.0000 00000
SA 99-185        10.4000  9.4250  8.3440  7.7810  7.2730 11111
SA 99-296        10.9060  9.6410  8.4540  7.8540  7.3310 11111
SA 99-358        10.8900 10.3810  9.6050  9.1730  8.7670 11111
SA 99-367        12.9830 12.1540 11.1490 10.6180 10.1400 11111
SA 99-408        10.2570 10.2140  9.8070  9.5540  9.3080 11111
SA 99-418         9.2790  9.4330  9.4740  9.4770  9.4900 11111
SA 99-438         8.5180  9.2430  9.3980  9.4570  9.5390 11111
SA 99-447         9.1250  9.3500  9.4170  9.4490  9.4910 11111
SA 99-6          13.5900 12.3030 11.0540 10.4020  9.8250 11111
T Phe A          15.8240 15.4440 14.6510 14.2160 13.8100 11111
T Phe B          12.8950 12.7390 12.3340 12.0720 11.7990 22222
T Phe C          12.8610 14.0780 14.3760 14.5240 14.7360 11110
T Phe D          16.5400 14.6690 13.1180 12.2690 11.4550 22222
T Phe E          11.9700 12.0730 11.6300 11.3540 11.0660 11111
T Phe F          13.8610 13.3290 12.4740 11.9820 11.5480 00000
T Phe G          13.9030 11.9880 10.4420  9.5080  8.4170 00000
Wolf 629         14.6920 13.4360 11.7590 10.5740  9.0440 00000
Wolf 918         13.5080 12.3620 10.8680  9.8870  8.8030 11111
